3.527150918099856702e-01 -8.574980324123403497e-01
1.233456649778620212e-01 1.096430580559312751e-01
1.666666666666666574e-01 -2.000000000000000000e+00
5.472082739671459140e-02 2.981566671622380227e+01
5.992380035234236291e-02 2.812198119596756030e+01
6.197033758824059546e-02 2.776391570053431224e+01
5.355855738170019198e-02 3.058391933871046220e+01
7.010988699749115538e-02 2.646045731540082713e+01
1.315227336844024611e-02 7.838334350938765738e+01
2.307836514280648191e-02 4.540789259501782738e+01
5.865835947372736309e-02 1.897959136818023751e+01
4.220809488181954672e-01 1.806887395864055179e+01
3.213958381637953554e-01 1.785060928385955847e+01
2.536383577100970732e-01 1.836859530672376906e+01
2.158428339159575993e-01 1.863855098254170173e+01
2.009958494739681467e-01 1.873117135663640909e+01
2.069771818520965423e-01 1.859829544495597986e+01
2.134314309555044586e-01 1.859142670805484343e+01
2.247687864595037111e-01 1.856691422891574561e+01
2.694454116326647775e-01 1.826723112949505889e+01
3.491759302243895302e-01 1.837499982787631936e+01
4.461460743881019986e-01 1.931243887665387859e+01
2.232043826180216683e+00 2.136125736608221004e+01
1.855078396027730037e+01 2.877277125005335279e+00
9.963320649600603929e+00 2.947434819654415339e+00
3.621869864811170459e+00 2.978001703083185348e+00
